1954677
3146388
1954679
1954680
1954681
1954682
1954683
1954684
1954685
1954686
1954687
1954688
1954689
1954690
1954691
1954692
3146389
1954693
1954694
1954695
1954696
1954697
1954699
1954700
1954701
1954702
1954703
1954704
1954706
1954707
1954708
1954709
1954710
1954711
1954712
1954714
1954715
1954716
1954717
1954718
1954719
1954720
1954721
1954722
1954724
1954725
1954726
1954727
1954729
1954730
1954731
1954733
1954734
1954735
1954736
1954737
1954738
1954739
1954741
1954742
3146390
1954743
1954744
1954746
1954747
1954748
1954749
1954750
1954751
1954753
1954755
1954757
1954758
1954759
1954760
1954761
1954762
1954763
1954764
1954765
1954766
1954768
1954769
1954770
1954771
1954773
1954774
1954775
1954776
1954778
1954779
1954780
1954781
1954782
1954784
1954785
1954786
1954788
1954789
1954790
1954791
1954793
1954795
1954796
1954798
1954799
1954800
1954801
1954802
1954803
1954804
3146391
1954806
1954807
1954808
1954812
1954813
1954814
1954816
1954817
1955522
1955523
1955524
1955525
1955526
1955527
1955528
1955529
1955530
1955531
1955532
1955533
1955534
1955535
1955536
1955539
1955540
1955541
1955542
1955543
1955549
1955550
1955551
1955552
3146392
1955553
1955554
1955555
1955556
3146393
1955559
1955561
1955562
1955563
1955564
1955565
1955566
1955569
1955570
1955571
1955572
1955573
1955574
1955575
1955576
1955578
1955579
1955580
1955581
1955583
1955584
1955585
1955587
1955588
1955589
1955591
1955592
1955593
1955594